[ch01]
도미 데이터 : http://bit.ly/bream_list
bream_length = [25.4, 26.3, 26.5, 29.0, 29.0, 29.7, 29.7, 30.0, 30.0, 30.7, 31.0, 31.0, 
                31.5, 32.0, 32.0, 32.0, 33.0, 33.0, 33.5, 33.5, 34.0, 34.0, 34.5, 35.0, 
                35.0, 35.0, 35.0, 36.0, 36.0, 37.0, 38.5, 38.5, 39.5, 41.0, 41.0]
bream_weight = [242.0, 290.0, 340.0, 363.0, 430.0, 450.0, 500.0, 390.0, 450.0, 500.0, 475.0, 500.0, 
                500.0, 340.0, 600.0, 600.0, 700.0, 700.0, 610.0, 650.0, 575.0, 685.0, 620.0, 680.0, 
                700.0, 725.0, 720.0, 714.0, 850.0, 1000.0, 920.0, 955.0, 925.0, 975.0, 950.0]
		
빙어 데이터: http://bit.ly/smelt_list			
smelt_length = [9.8, 10.5, 10.6, 11.0, 11.2, 11.3, 11.8, 11.8, 12.0, 12.2, 12.4, 13.0, 14.3, 15.0]
smelt_weight = [6.7, 7.5, 7.0, 9.7, 9.8, 8.7, 10.0, 9.9, 9.8, 12.2, 13.4, 12.2, 19.7, 19.9]

====================================================================================================		
[CH02]
# http://bit.ly/bream_smelt
fish_length = [25.4, 26.3, 26.5, 29.0, 29.0, 29.7, 29.7, 30.0, 30.0, 30.7, 31.0, 31.0, 
                31.5, 32.0, 32.0, 32.0, 33.0, 33.0, 33.5, 33.5, 34.0, 34.0, 34.5, 35.0, 
                35.0, 35.0, 35.0, 36.0, 36.0, 37.0, 38.5, 38.5, 39.5, 41.0, 41.0, 9.8, 
                10.5, 10.6, 11.0, 11.2, 11.3, 11.8, 11.8, 12.0, 12.2, 12.4, 13.0, 14.3, 15.0]
fish_weight = [242.0, 290.0, 340.0, 363.0, 430.0, 450.0, 500.0, 390.0, 450.0, 500.0, 475.0, 500.0, 
                500.0, 340.0, 600.0, 600.0, 700.0, 700.0, 610.0, 650.0, 575.0, 685.0, 620.0, 680.0, 
                700.0, 725.0, 720.0, 714.0, 850.0, 1000.0, 920.0, 955.0, 925.0, 975.0, 950.0, 6.7, 
                7.5, 7.0, 9.7, 9.8, 8.7, 10.0, 9.9, 9.8, 12.2, 13.4, 12.2, 19.7, 19.9]
====================================================================================================		
CH03
# 농어 데이터: https://bit.ly/perch_data
import numpy as np
perch_length = np.array([8.4, 13.7, 15.0, 16.2, 17.4, 18.0, 18.7, 19.0, 19.6, 20.0, 21.0,
       21.0, 21.0, 21.3, 22.0, 22.0, 22.0, 22.0, 22.0, 22.5, 22.5, 22.7,
       23.0, 23.5, 24.0, 24.0, 24.6, 25.0, 25.6, 26.5, 27.3, 27.5,  27.5,
       27.5, 28.0, 28.7, 30.0, 32.8, 34.5, 35.0, 36.5, 36.0, 37.0, 37.0,
       39.0, 39.0, 39.0, 40.0, 40.0, 40.0, 40.0, 42.0, 43.0, 43.0, 43.5,
       44.0])
perch_weight = np.array([5.9, 32.0, 40.0, 51.5, 70.0, 100.0, 78.0, 80.0, 85.0, 85.0, 110.0,
       115.0, 125.0, 130.0, 120.0, 120.0, 130.0, 135.0, 110.0, 130.0,
       150.0, 145.0, 150.0, 170.0, 225.0, 145.0, 188.0, 180.0, 197.0,
       218.0, 300.0, 260.0, 265.0, 250.0, 250.0, 300.0, 320.0, 514.0,
       556.0, 840.0, 685.0, 700.0, 700.0, 690.0, 900.0, 650.0, 820.0,
       850.0, 900.0, 1015.0, 820.0, 1100.0, 1000.0, 1100.0, 1000.0,
       1000.0])
	   
길이, 높이, 두께 특성을 가진  다중회귀모델 데이터 
훈련 데이터(농어의 길이, 높이, 너비)
https://bit.ly/perch_csv
타깃 데이터 (농어 무게) 
http://bit.ly/perch_data
====================================================================================================
CH04
https://bit.ly/fish_csv_data

====================================================================================================
CH05
https://bit.ly/wine_csv_data



CH08
https://github.com/rickiepark/hg-mldl/raw/master/best-cnn-model.h5


docs = ['먼저 텍스트의 각 단어를 나누어 토큰화 합니다.',
       '텍스트의 단어로 토큰화해야 딥러닝에서 인식됩니다.',
       '토큰화한 결과는 딥러닝에서 사용할 수 있습니다.',
       ]

docs = ["너무 재밌네요","최고예요","참 잘 만든 영화예요","추천하고 싶은 영화입니다","한번 더 보고싶네요","글쎄요","별로예요","생각보다 지루하네요","연기가 어색해요","재미없어요"]
	   
Mission
# 학습데이터-속성값
X = [ [90, 80, 5],
      [30, 70, 6],
      [79, 60, 2],
      [100, 86, 4],
      [30, 40, 2],
      [100, 80, 5],
      [95, 30, 0],
      [88, 97, 5],
      [30, 30, 0],
      [100, 20, 1],
      [72, 70, 4] ]
Y = ['Fail',
     'Fail',
     'Fail',
     'Pass',
     'Fail',
     'Pass',
     'Fail',
     'Pass',
     'Fail',
     'Fail',
     'Pass']
# 속성 이름(결정트리 분류기에 표시)[중간고사,기말고사, 결석횟수]​
data_feature_names = [ 'mid_exam', 'final_exam', 'absence' ]